44
498 2856 1015 2895
504 2911 471 1855
958 2898 1026 1919
467 1848 685 1911
820 1850 993 1914
500 2501 693 2560
806 2497 991 2558
607 1625 629 1777
866 1624 894 1782
1060 1399 1085 1711
1060 1758 1089 1784
997 1462 1061 1483
1087 1591 1147 1614
1243 1157 1284 1832
211 1143 707 1185
808 1150 1258 1191
215 1791 703 1857
812 1796 1266 1859
798 1797 1284 1846
865 1402 892 1548
607 1400  631 1546
640 1203 662 1415
677 1367 722 1445
775 1370 820 1445
833 1203 859 1415
543 1398 601 1417
379 1757 400 1776
404 683 516 1044
455 1017 701 1059
808 1018 997 1073
987 699 1028 1030
477 659 666 723
824 670 989 723
237 496 666 570
829 504 1235 552
1215 22 1255 533
239 5 291 539
611 330 652 406
837 338 880 402
246 5 1250 51
523 1967 562 2431
939 1967 978 2443
543 2447 701 2480
800 2447 964 2486
5
594 2192 912 2211
445 1567 484 1653
459 1437 498 1470
311 1452 336 1587
291 1669 346 1681