30
800 240 1270 324
913 318 1064 387
0 0 679 60
824 0 1495 79
0 955 1500 1024
0 180 30 1024
1366 280 1490 566
1469 541 1500 1024
941 388 1010 467
818 481 1140 596
814 619 826 754
1110 605 1138 739
1010 711 1135 752
822 714 945 759
870 177 945 234
556 172 636 245
601 245 681 384
530 393 608 461
354 461 584 532
352 537 441 667
441 679 515 744
431 751 651 808
596 810 681 892
1059 743 1196 814
1152 673 1226 740
338 188 556 211
43 253 247 284
219 189 247 251
1032 885 1254 951
1344 742 1418 815
2
260 205 337 272
265 52 334 90
